1.257476585098248 1.262034772446348 0.4046181990907339 -0.1705907651786661 -0.8276779884920217 -0.3079418630608227 -1.046394669078125 1.428231695750632 1.706109654725547 0.5972455104874317 1.40325199573956 0.9379860341858113 -0.3359724883230224 0.9349109230383184 0.1003301965837097 0.7787975474615515 -0.1822585638817477 -0.07247312035515854 -0.4353572665149517 -0.7902421049372989 1.73843260982034
-0.7317332841364401 -0.6714169872894212 0.9862700211154461 -0.120376035035205 1.785646666386792 -0.3090910179995144 0.6415116996862582 -0.3622714088535119 0.1782261782783343 0.5032489496078657 0.2766789396842891 -0.6731425256529723 0.09462412253110021 -1.334671006450183 0.9577883063570546 2.6224210276193 1.136770509505604 -0.6510886041479936 -1.503837427803971 -1.812597406633969 -1.571354861615097
-0.8671583754210954 2.049470225934286 -0.445377769692455 -0.04070573735209358 -0.04349591399930414 0.4086866940790201 0.3663576765174236 0.2234793658581442 -0.5967069178912771 -0.09672703205366301 0.3524282091305175 0.05147530865483945 2.247434957977182 -1.464820907492566 0.3955914043061262 0.6123188676156588 0.9732513895418661 0.4916399520783235 2.840305329250467 0.8840614336150714 -0.4432160315259322
-0.9690128099985984 1.511433348215587 1.208274475470845 0.5118824129035149 -0.1121222158835093 -0.7012600368899414 -0.4499829270520423 -0.6730919189392655 0.2856824084253604 1.153767730460212 0.5402959740657495 -0.5532435889787753 0.9486809272498402 0.7047285241464757 -0.2111632593125932 0.9366997673955888 0.737137790930813 0.6208658048536251 -1.861246823611405 -0.3896748588401276 1.301989848097359
-1.42912832974824 -0.3426902420980871 -0.4582910914003251 0.2099655196134825 0.9756696317849901 0.9002110175048448 0.8957520986817521 0.1727589601328796 -0.8538349320324125 1.084524029950462 -0.1543682154353725 0.7271786719907356 -0.04268188579030403 1.41170233206154 -1.438251636941581 -0.7795034032649708 1.212137660607091 0.9843843122292357 0.8327437249249378 -0.08577099185076281 -0.8581073639130942
1.316377330433095 0.3580538923748672 1.341112848319201 -0.4630548013997474 0.008778543857339565 0.199907062426699 -1.233103323995214 -0.5708675480602633 1.080421652641086 1.357316343081048 0.6075993521356203 -0.006416804593293657 -2.067248711500429 -0.9225210086753637 -1.068122473121748 0.8862228101306264 -0.5179137616904247 -0.2124881543778617 0.3146575015323407 0.6036172600733665 1.087128178853729
-0.3174581924145316 1.087095986567278 0.8083346423046696 -0.3634516636320013 -2.010471376399645 -0.7827719608699204 1.320946240530601 -0.2308243303862696 0.4757103994110077 -0.7040308714802231 0.08294186504790821 -0.0127430490169546 -0.3187617798018483 1.965932565744392 1.659836981474171 0.01057104439208464 -1.339521637749537 0.6342505059959103 0.4920191818815064 0.1524547057917616 1.113657716558842
0.6374630791536444 -0.9213944211815617 1.957480228006648 0.07284783224003163 -0.8255300405013775 0.05480723814758136 -0.169895732284288 -0.2787922560872209 -1.765892077906339 1.283889480311973 -1.119304592103103 -0.7227908360888103 -0.4029209532750446 -0.3880520648336463 0.7422340025999943 0.7210821011560279 -0.5396451064453743 -1.942449675266242 -0.6011955660424332 1.175221856354172 -0.1501463952926744
2.474054542774978 0.7142168756551506 -0.507303273593495 -0.9624826453228029 1.169179969802899 0.007511252763902133 -0.7604766921287015 -0.8086009822294541 -1.277257112287664 0.3623768391049598 0.2285166976468014 1.994836797643243 -0.2763418573674208 -0.3897783218429465 0.38826536793519 -0.8053739849862345 1.110516284876419 0.6361197551097367 -0.6182875743890984 -1.740127752213347 0.9319577405467903
-1.053904030477993 -0.1238179320444487 -0.8979852246775782 -0.4491870138381446 -0.2702921888722634 -1.48600178919078 -0.5688170040307738 -2.399814526323428 -0.8098328420210745 -0.7135089067905499 0.4546333314174444 -1.519178915310862 -1.047195300291895 0.08746571529685729 0.4541787562190578 -0.3784410282284336 -0.8136493629947211 -0.005404252441191303 0.2286029452866852 0.2040561995985394 0.9812059909967711
-0.03269412901648806 0.2406831463388538 -0.7818576537073995 0.3180177681335722 1.13619586414008 -0.5629198551018892 -1.040042435290544 0.5913785980452669 0.8771416077421355 1.022348128884652 -0.3575383280077941 -0.3233131378388479 -0.9325038959503424 -1.23382864934713 0.2157726938557755 -0.7939589052662702 -1.312395425836735 0.705033114229451 0.5223164417986668 0.2016513026861458 1.894663375103091
-2.025669090852938 -0.7920859398899932 0.281009592104117 -0.8506862551659095 -0.366933544371232 0.1320796156162833 1.92261903456173 -1.314638687477552 0.3051430764820254 0.981183569603125 0.508799053789648 -0.9713640757227219 -0.04826825279494137 0.4512000690770357 1.013210054485884 0.5928715592703601 -0.004283463715349508 -0.3693676582289119 1.218044658923593 -1.750580141943973 0.8376219648915452
-0.7194841882995082 0.399826041489212 0.07627364328588068 1.656514827411502 0.4988328232280849 -0.7563715293442926 -1.26716810525407 -0.1903759478283272 0.7937514043845535 0.5395945610013549 1.326412969598268 -1.557495199492233 0.7080304927328701 -0.3286423130491906 0.2256288681674576 0.2660684950878971 -0.482715912710409 2.147977930435879 0.2064911932650869 2.357080435760831 -0.2916721828367249
0.1194498566364576 -2.039921817081281 -0.7268267162594337 1.435999149088107 -0.3689648189181799 0.1278997930849996 -0.7109299740616436 0.1826539153982779 1.106622220777338 -0.7992369673062908 1.275600818370489 0.7647634998179894 1.009002213731122 -0.176105541538793 1.22694027308495 -0.7242441387858287 -1.96589713383555 0.1577309588338669 0.2605518668176647 -0.499769199484308 -0.4544720337478482
-1.859424915940907 1.578646187340385 1.501923139752123 -0.4071090854091489 -0.8268018515826407 -0.2279210438727424 -0.1710156916355187 0.4377047871247169 0.668410542847155 1.834692601795445 0.1693069475295995 -0.3062869089770935 -0.8704896437179859 1.414369549291442 -1.670351601338672 1.941170224257389 0.1015647318346828 0.5518157846751405 0.6425638130082427 -0.4650977168833887 0.580280463897508
0.8870973940319951 -1.477885157296664 -1.004389333306745 1.565186761261389 -0.8140187061128827 -1.512435905142784 1.365136769834687 0.6097211101322016 -0.3853891611710333 0.04838306838148938 0.752235791925263 -1.953330968734299 0.2709618331211531 -0.7029586341593956 -1.638802620090071 -0.3979702245356849 0.9943166971309256 0.1110306651081341 -1.32650651673442 0.834208128928971 0.6301648134165702
-0.01303428556196759 -0.4540089504876732 -0.2452640296137679 0.287158385928544 -0.288724308014502 0.6554297489886876 0.636446050669188 0.4607941700858793 1.930758916414919 -0.7265249675981503 0.639976700899493 -1.025874114688489 1.423414167236621 0.5445367904087463 0.7203747990593397 -0.6604879521120254 0.1656539201577375 0.2028749459605273 -0.4147435713834285 -0.2869707432024958 -1.402831845646723
-0.09758547234177223 1.141619994725447 0.3623150050876952 -0.8842732937919169 0.2885901164873729 -0.2383222819407122 -0.813154154369506 -0.5545039937681254 0.5572839611801644 0.5608848392736066 -0.234190156627642 -1.583351068082916 0.6342158773389136 -0.6750737896796032 0.3462059075203635 -1.745369009272724 -0.9531756256725954 0.2384983996430874 -1.644411098891127 -0.8369338062142864 0.2344699401115675
0.1878416984694157 0.7105171624449569 1.773872607705692 0.9735344703340761 0.06451822334724608 -0.6929863047462801 1.0726460145568 0.8659115764985108 -1.104593391186376 -0.1839297971726589 -0.2314833740189914 0.5270047115026828 0.3822920475650293 -0.1409867800492623 0.6695657276316834 -0.008250552643286129 -0.5571776068889523 -0.3974756761577616 0.007465507431496324 -0.5212266470715394 -0.8882845113480889
-0.6667164227345511 -1.266233554225648 0.3683008843922877 -0.5018134215001393 -0.5983471654266869 -0.1967299155599887 -0.04038012271450755 -2.34721647480518 -1.963698707159072 1.169710347804109 0.9698286694598983 0.841085322231485 1.307056099663505 -0.9696144905356554 -0.1251254843286767 1.311308578318752 1.734318056903442 0.1771591211440431 -0.1213432894380136 0.1140576748950321 0.7847212504594825
-0.5287279061386063 -0.01802471976149564 -0.04630094488833792 0.7041319828414112 -1.428783057791799 -0.00659920345829949 0.401961765466795 -0.3013597834039049 -0.2424554170243828 -1.155451004093412 0.9366103398901874 0.2062644437066092 1.102925191783046 -1.536861536588816 -0.1006411893450042 -1.702399943822289 1.068861833328138 -1.77928683194356 -0.9233292628437155 0.4105497853088816 0.2370596873683707
